


a<-c(1:100)